# Configuration file

clipboard {
    I:0 <
        28
        99
        104
        105
        115
        101
        108
        115
        97
        110
        100
        98
        105
        116
        115
        58
        99
        104
        105
        115
        101
        108
        101
        100
        95
        119
        111
        111
        100
        10
        0
        0
        10
        0
        14
        66
        108
        111
        99
        107
        69
        110
        116
        105
        116
        121
        84
        97
        103
        8
        0
        1
        98
        0
        30
        119
        105
        122
        97
        114
        100
        114
        121
        37
        51
        65
        119
        105
        115
        100
        111
        109
        95
        119
        111
        111
        100
        95
        112
        108
        97
        110
        107
        115
        63
        3
        0
        1
        115
        0
        0
        0
        4
        1
        0
        2
        110
        99
        0
        7
        0
        1
        88
        0
        0
        0
        66
        120
        -38
        99
        98
        18
        -56
        -51
        -52
        75
        77
        46
        74
        76
        43
        81
        53
        118
        76
        -52
        44
        -78
        103
        -112
        43
        -49
        -84
        74
        44
        74
        41
        -86
        4
        10
        -108
        103
        22
        -89
        -28
        -25
        -58
        -105
        -25
        -25
        -89
        -60
        23
        -28
        36
        -26
        101
        23
        -37
        51
        48
        40
        -4
        -57
        4
        -17
        -111
        57
        0
        50
        108
        49
        -41
        3
        0
        2
        108
        118
        0
        0
        0
        0
        0
        0
     >
    I:1 <
        28
        99
        104
        105
        115
        101
        108
        115
        97
        110
        100
        98
        105
        116
        115
        58
        99
        104
        105
        115
        101
        108
        101
        100
        95
        119
        111
        111
        100
        10
        0
        0
        10
        0
        14
        66
        108
        111
        99
        107
        69
        110
        116
        105
        116
        121
        84
        97
        103
        8
        0
        1
        98
        0
        30
        119
        105
        122
        97
        114
        100
        114
        121
        37
        51
        65
        119
        105
        115
        100
        111
        109
        95
        119
        111
        111
        100
        95
        112
        108
        97
        110
        107
        115
        63
        3
        0
        1
        115
        0
        0
        0
        4
        1
        0
        2
        110
        99
        0
        7
        0
        1
        88
        0
        0
        0
        63
        120
        -38
        99
        98
        18
        -56
        -51
        -52
        75
        77
        46
        74
        76
        43
        81
        53
        118
        76
        -52
        44
        -78
        103
        -112
        43
        -49
        -84
        74
        44
        74
        41
        -86
        4
        10
        -108
        103
        22
        -89
        -28
        -25
        -58
        -105
        -25
        -25
        -89
        -60
        23
        -28
        36
        -26
        101
        23
        -37
        51
        48
        40
        -4
        39
        0
        0
        51
        60
        49
        -25
        3
        0
        2
        108
        118
        0
        0
        0
        0
        0
        0
     >
}


